2478.3081515355448
2394.7357657548296
2330.8574692004995
2273.2245883433484
2213.576254457778
2177.3390876195663
2154.9055925993985
2131.0524284896724
2107.706177932939
2080.0527896288427
2056.115694245256
2043.5132014526723
2017.0197079050247
1997.9196373524046
1982.4291465332894
1966.421572162839
1955.9924389560133
1937.6022915939882
1922.5842431867245
1906.9618628155702
1893.3814198600924
1882.771128853212
1865.1514108669535
1853.3132193570605
1856.6909184398173
1831.2816632991744
1819.119532464112
1792.2928734620439
1785.7010124497342
1762.3467623273643
1740.2102130351504
1724.1213151854265
1714.1436349230119
1700.2256919391357
1691.1636392188416
1681.866507510485
1675.3559178148685
1663.366951906223
1649.0622559773356
1636.30545730825
1619.8931762457935
1612.506797726349
1598.6856550000286
1596.6967503578633
1586.4229554369213
1576.1140285577649
1569.2070684525904
1557.9340202514145
1557.4178260803699
1544.6800961615843
1533.8615346222202
1528.2847402705
1515.7984964168152
1504.6165957136088
1495.361129096033
1484.6233766274213
1476.9612730820331
1466.2492218734392
1463.7475329328777
1455.3787718712804
1445.0917503353085
1446.2795667249934
1437.3761499959976
1427.1026068197016
1418.0991120798342
1440.9437635892982
1405.5267497803259
1399.4942086125907
1387.9038134927703
1377.8159686050637
1370.9528628346054
1364.6915822156636
1348.7110824645506
1337.5414619012015
1329.5944540669554
1327.8552713174913
1314.250855361355
1306.6125105329593
1307.907584537774
1298.8629131353525
1292.12857963033
1282.823061620832
1280.0761766246344
1274.1943993777095
1282.9183586302854
1269.5271483544802
1265.9622288238622
1265.8273044822367
1261.5960421667912
1255.302671886411
1251.651039545861
1243.9002046104993
1240.7484016528115
1235.7954674798825
1229.389262329621
1225.4720332924203
1221.7528422167052
1220.9360687819465
1211.1874349000823
1205.1848533795371
1199.3068008619507
1192.3608339588054
1184.9152737698753
1174.9956277207812
1176.4392585556545
1168.2955125266728
1163.845174034696
1153.1270483955368
1149.5358696040848
1143.9278662534161
1138.6106753164513
1132.0416305743895
1126.899329290809
1118.4456611018973
1118.579070226481
1109.772134918458
1115.9786112871363
1120.425700004689
1103.5954516657102
1101.3016308195586
1099.3501371749926
1096.5812044540573
1112.1514324459374
1095.7711666125026
1090.5167046722588
1101.9545630594414
1090.3286561909385
1091.938571832144
1086.1698092289125
1079.6665359958556
1078.7658890159316
1070.4002818468675
1068.8901549957998
1065.1612080817258
1062.7185667476463
1058.6302755285444
1055.5511387540919
1057.7347849023352
1056.416313132898
1050.0646860370912
1050.2864427769855
1038.4104720686976
1034.8315994006048
1030.8193530128258
1029.343335506181
1023.5121154116392
1027.5721735135546
1017.5754013836677
1013.159019525369
1015.7378762650712
1014.2132080855672
1006.278087391311
1004.4028118617035
999.3472753136166
997.3436876561788
999.1852958051497
992.1075546736489
994.3307757594658
1001.9128752700645
988.7125191932677
985.6807938321974
995.5829885157025
987.2426940657243
980.2745480183123
990.9487981654369
972.0923722020101
970.6591806822967
963.516034116971
962.4952950633857
966.9245001547795
961.6090463894371
960.4002347311422
957.4517436316515
952.5834972254977
967.900322172032
953.3142911413355
946.0717887244032
942.0948354707737
935.570579175338
929.9862215500272
927.7337310280844
923.2028703820024
919.0446077519923
921.3476944853065
911.0060008594792
904.9908257898235
910.8404874249267
904.0176064638804
897.7867039684016
896.2280019142055
893.923212402269
888.7720558918165
888.1641401582888
884.086309265537
886.6386581179025
882.140281909617
880.5919775351131
874.6194363690664
868.6571904831261
871.0232275348028
863.2171072562879
857.4268803084913
853.6977839844734
851.0499330143473
846.4030494047968
859.0603309485928
845.7247138663317
839.4545025655166
845.9759155727666
833.6602238633769
830.4141819390295
839.3094477784496
826.1889382052551
828.980625037571
821.3807366342562
822.0321757195383
817.7938478295509
814.4003804458275
811.6857329371855
809.1333069469508
808.3379942599777
816.5304967197493
797.605562740336
795.9925225247125
791.4555868101739
791.2723369991796
790.8227308293937
783.8637773893907
781.432739727574
791.6519221493251
777.9675168206194
780.7785171163513
778.4196040399254
777.2422982973275
772.202307330569
771.7979221957943
779.7628417660444
771.4743675244654
772.5861159818812
769.3268555313185
769.9242925810943
769.771926423443
766.8027604955062
763.63063048718
771.8007494521603
755.7090466509864
759.4708572742932
749.9255146635927
746.956767001591
754.9077320769871
742.6433582451903
739.8178967899624
740.4889303719149
735.7089769924804
736.0283567152993
730.6389849444726
740.2560930367656
728.9570546368961
725.5287050931413
730.0851831008425
725.407770555769
724.0200827241963
728.569902246444
722.1445312564719
724.354554508879
722.1313196670045
719.0224945415036
719.1440283759146
718.8814381076113
717.069257710083
715.0942861774464
707.971895375488
704.9773857790708
703.5181224659486
701.6716490449967
698.5575488748664
699.7721746163184
707.7898612784066
702.178555496653
698.5767519524653
696.9702530004898
699.3735779105357
694.1590038054647
690.4120154035082
692.9369669530685
688.9305302243895
689.5307154999045
687.9082835032899
686.9148746785526
683.7818611528055
682.0884968037404
680.5481633430485
679.9344303459161
679.078329990934
683.9471478323044
673.8317663943078
670.9540532469301
670.8402068942966
677.3423032300032
667.4114379452681
663.0879581876611
661.0538784070886
657.9676357579716
660.8431799241885
655.3781597299171
655.682542657554
651.890397469712
649.6977017876103
660.7520223400458
644.2314006375196
644.6437963988036
645.0180847599652
642.6374463241
643.0580419038897
643.1040326420514
644.1573119705023
657.3626840057601
644.587113630709
642.3457085516384
639.0925704592231
635.4168128018877
639.2774031238231
631.1052609823003
635.1685167924627
629.0638113754983
628.381688978689
624.329699486961
625.3222266406673
625.6885747945136
621.5720838578293
618.5671859339704
623.9779613422539
618.9577682998184
616.3553142581998
611.5335284157378
608.6673516001566
609.7591998206688
612.1531499658778
607.0718408462146
611.9420503255516
608.3921507890294
605.2827847009055
602.3088964840421
604.4304290162795
602.9177460684615
600.4954308977293
594.44301362432
592.2220894046088
594.2362362878296
590.3717175267388
591.1290982696956
586.4151390827159
589.1264449845017
581.626972823892
604.0355255839897
581.0895348060617
579.3714084703049
584.8179841285737
577.0037874906768
573.5202994636267
576.3678676744286
573.7181377367518
572.610345363677
572.248444495699
568.6509438601806
569.3087586436225
568.6901196335032
575.7574562968208
564.8547486463578
564.048424553982
568.5365470015238
566.4569019221683
563.5618794192794
565.294948985044
561.7509621425644
559.1691334604188
555.8154243114625
562.3546182629509
567.3980553921494
555.0248576305216
560.6286497321918
553.9413346522819
562.5484128315401
553.0212350356923
554.3465678022775
555.2490708385759
554.5713571392146
552.9533483537248
550.800053275987
551.1058574769188
547.2861572206454
545.4472130572684
546.5644792255592
558.5556380944373
540.4358996293181
542.0136678995761
537.7096432620233
558.5893902590565
539.4035193960643
535.7241545016318
538.4699021434122
537.5118984810559
535.947867684877
538.0431441850532
537.5277798135335
539.429339869954
534.2467753506955
535.5411355048251
533.4857923123704
530.2652225451104
535.5897630315937
529.0085455753981
528.2156459062575
531.2488914479009
528.2486922026125
526.0529921036176
520.8656125915331
522.807676622422
519.4898313781695
541.8573908634471
518.7154993530999
518.4738621313709
520.4753471741362
513.607629278194
522.2935704306115
516.5691521684349
513.6785484363504
507.0501351092678
512.955052283522
510.65281137401286
504.6497267565935
506.4564806324305
503.2442781090425
503.9597580892923
509.30613759278634
502.1499560845884
503.90707600698715
500.9385419594948
500.88716865646984
501.1465277635289
495.7927282329021
498.7420315819915
494.2325401200736
497.0556956430228
494.178126023598
493.26640355332137
495.403940701355
488.22217220995947
489.5535918129598
494.86368686659216
489.2135154458712
497.88048039879664
487.5274724327112
489.3845644932001
490.9914003765527
488.0997179686811
482.8048478234055
483.5889538232653
486.22042740550677
482.91458966726816
478.7649850131171
475.5559719190152
481.3742835569471
471.59794952392906
473.45514632871914
472.705932980197
468.99727325413306
470.97111109986827
467.61175716060535
465.01820506496756
464.01931049451167
462.3696525306743
463.4433123963569
462.9034299533699
462.803709023928
475.67616782007514
463.71252340062216
460.6662520793531
459.9570388001054
460.25171513051396
459.7414159379772
462.21223952497644
458.9339091120417
460.0828683320095
461.1466487777046
457.2167224295173
460.51860701687576
456.06871047752077
455.1326498579442
455.0911107825224
453.05108494423683
453.1979611069346
455.51243922487447
452.20979641183743
448.7146434887042
448.3143866889213
452.8231275612284
446.8601737986894
446.0273596271132
447.7975780518679
444.94249325671495
448.2561170822855
448.0576928941886
443.58787558692876
442.6131861712765
441.75350483057247
441.6617253374571
441.0085782049999
442.2015215527632
443.29898035198846
441.065471690744
439.61136370116077
440.15356558249437
440.46648867254464
440.9044936810844
442.60570919386595
438.0460913725978
466.7886379400767
440.6146489295348
438.97968624480626
441.4457143861581
440.3880636042967
437.2719948560642
438.6294864343224
443.54249066764436
441.85916820961523
440.73928907877917
444.9147173736726
434.32786277454767
436.43969542746504
435.485388337098
433.4498927459132
436.56819386108447
444.29243432020513
438.797690899413
437.84813728650914
438.517339209533
446.8093887022516
439.8459206606704
433.376122397337
433.4233620361807
444.6139724168531
431.9241896471959
430.2318208684626
434.0233405314196
432.67803969135844
428.6185816318514
439.58840339953326
440.70014449254364
429.4722478184587
428.32704140825564
431.74349462997645
426.9332240419153
426.36872418101524
427.87199813949
423.9081847695264
422.74495240091693
427.0137700363334
441.8258180121227
421.7526908700432
423.67665123414986
430.4529001678497
422.339135892424
416.7953766242392
429.9886740194686
418.0936232693813
417.30918691301764
421.8765878718642
416.70641088673455
414.95726058686506
414.0501462819297
411.83009362918057
413.0228703504449
413.15732749798616
410.8858085717808
412.5113888512048
413.47183141572106
410.3356421574146
408.57191198169585
408.814713585088
409.89626721386816
408.14649868916223
406.7238665752629
408.63300397006526
409.3921955784034
410.21893605641975
417.8377025186933
409.80952497969423
410.58643331464697
426.82889209814147
407.86866468211997
408.3371675608425
407.73870498661086
405.4196560716823
403.66776717100856
408.18276353489125
406.6255632426744
402.61023965103124
406.2403365459621
400.59577596545137
398.67273386237054
402.61984106102017
400.984912919211
397.59810421203633
414.0598230900327
397.75591285560125
403.8148963919654
396.86044533661897
397.66987884946366
397.80547942038964
398.8987319268434
411.9490988924097
395.6483545304659
398.1418324522056
399.39557982970115
402.68087838539753
398.82723837704214
395.25587446621364
392.76817248489397
397.97900968639055
400.1026464871138
397.3796097138026
405.43476367450165
392.76701552329865
394.1159633693609
392.63507320434667
388.168596494009
395.08298921231216
388.374245105421
386.78300020894153
385.191569150623
386.5559998247253
383.94569733067584
382.84568772869767
384.5569415736785
383.3104977933129
383.6343869258815
388.9316149031663
397.9481284059232
383.97495934783757
387.8544125166697
382.0921259830533
383.64229662543704
382.471073519724
381.66061279072414
383.02343154570246
380.88397969691675
382.6205530339943
384.0717780532957
378.9086612169452
379.91604957113736
377.87358000444533
378.3589589137358
385.6418539781523
378.30446801768505
379.01695704727734
376.1159655030036
379.968902967801
380.167702973272
374.477450322772
383.6458320511245
373.80969641622204
372.88601936009906
373.82843954596814
371.43300009223015
371.49832794897486
367.9579315056269
370.60178515140325
372.1994388659741
368.5898886896372
371.5051227483611
370.6020033644769
367.2250537710807
369.9388088965136
371.53316653632095
367.5327999984517
368.6544620606097
369.3261684098429
366.8934501503977
368.0289949746827
369.56557811736076
369.92740423488476
369.40883987640046
369.0787598722125
367.0589535041759
365.23862152368935
372.34803188178324
374.29053144622384
365.39476863465944
365.0860260862801
361.3267352753474
360.1594686690455
359.64999380849736
364.2328029633163
359.14649948162753
362.2614235565386
355.9605253441098
355.2004673344602
357.2959665490871
352.1687576187005
355.52942045656835
351.5840631207297
375.7081508315165
351.8024282364179
350.9809473716591
359.98091927204945
351.50253546912865
353.04155484145605
353.35619332279686
352.84690523539905
353.4405727316487
351.544238440806
349.3313508461615
352.94653443577795
348.73983687612656
349.4997389080078
365.4731039384829
351.14904213001046
348.93975979471804
346.5452355921159
343.9203258694225
359.20928450467227
344.42722164420775
346.859485609711
355.56065410930927
345.45753056411
341.83321102579885
339.88198934853733
342.7343356614433
346.8544337508073
340.26948059806045
341.3815977667159
344.82758273612706
339.6100639037513
342.9029960567733
336.5085409160789
340.4915254463118
334.8928295440314
329.92837884027284
331.9994409851749
327.9725957565453
328.3629836653618
330.0266979862205
329.36712554055447
328.65472377048224
326.4851574897201
326.52535585552977
326.3120520614602
328.17945061701334
326.5978448711043
326.1972878662102
329.6541500790533
320.8329147930259
320.1967746384744
318.9395623431696
322.943277382604
318.9961504291557
322.659608870813
318.8063461266842
324.78365552970274
325.61536214197343
334.5311809256613
320.049400519799
323.2334147086054
321.7565592507946
320.9618729162578
325.1676650662329
320.3021083420034
315.74812747973317
315.86482548302087
317.87433572749575
316.271494389497
317.0369829472381
313.562041087636
313.61632961353973
312.115690069151
314.5581546758526
312.22133878226737
313.02929761586284
316.6059431139317
313.86687941177917
311.13666346847907
313.2314168310589
314.58866900769283
314.3987998129366
313.57966305873856
314.63441649924215
317.85404569143407
311.83009111154195
311.6932708186536
317.4536031423946
312.13948027209887
314.52289052538356
311.7047356698309
324.73744571725587
313.77816476164344
314.0808681270075
316.0345421245206
311.58714963679
312.01051808861706
320.4259469942701
310.2883299613381
312.35829557211366
310.76246733174065
316.236445067707
309.0313402925547
311.2531324081886
310.41320848215304
308.5747277772374
311.9416867808804
310.12215149640923
309.2716353080468
305.64778394072243
302.78463175807747
302.7068795852806
304.857214368276
301.705528093966
304.8799960137047
306.20296512571855
301.07393743042127
303.0296498729259
307.67372265951354
300.3648656456031
299.55768642041596
303.4994083996866
300.4017765448457
300.98003890115194
300.82350832034297
312.9826721506285
298.9905161383226
298.346270030559
299.1733847767521
299.8587043560468
303.99453917938934
298.04965906110965
300.2103061166032
297.7653383171402
298.42076621475394
295.36532336297546
293.5345311358572
292.5522194511325
293.93871232321794
293.19955669090825
302.47153066974846
294.530883904169
298.34610807561126
292.80551360293157
294.45964219094975
300.6544569293966
301.68653740808855
291.2843607942652
296.1081120217373
288.5178944413765
289.82965499403787
290.97807368211676
289.69276064978493
291.2323665132672
292.6962567402796
287.8707784148375
284.1460780904418
285.5113042542506
280.2577284227168
282.46523963425676
280.4084679027435
288.46083566740725
279.64240062951353
278.8862628101885
277.87304151027496
278.07518944527374
280.38525833774725
283.48155953370906
279.15939758337515
282.0091526795306
279.26046178469386
284.0662271421885
277.44744567630363
278.81956370243523
277.6975663037712
277.3479165147433
274.5460343666611
274.5173223086115
275.5419782539301
276.58943999961593
276.1432745255538
280.824256665811
276.28509006204206
278.963600809373
284.8863494526419
277.6610023433677
275.05758767092453
274.68517218632036
281.6995343533165
280.75841067559713
276.258478215002
281.1646158764078
273.8731477646942
273.53643961620054
275.2095918230338
274.14536540687425
274.11872658924847
273.4509108620868
272.9119425089395
273.9002362876101
273.6851534662393
274.1176642882455
273.75132823830313
273.3517331895161
275.64187858349374
282.8481307499304
276.1133437799297
274.69933297504275
276.4975180189519
278.6466901753751
277.8124857673833
271.8370245012633
272.9513638834351
271.9821796762043
271.33048666458393
268.00401756304535
268.360732289659
267.8526678892246
267.50662309268154
270.2370496159328
268.7389306305546
267.1743314034848
271.51467818634865
267.1360018396533
266.8731378621247
267.4216952738467
267.4127903625519
270.42955709230176
270.6565198353132
270.1764879226986
266.23761756947005
264.588200540861
268.8420294231037
276.2140784712572
268.27849032618997
265.6594844454143
265.64499546391346
267.2122942395909
264.75599445804875
264.9424113113873
264.15353363269344
266.86960867440376
263.2518047682915
269.5894542778221
267.23341121614254
263.31346787029656
259.66674420666135
258.9108840562575
259.41272384466794
259.17688637606415
259.59246143481585
259.43684024386715
260.1542282991508
259.6120525150999
261.6516215380213
264.9604895879428
260.3272553720847
261.34175538246666
258.8570996824505
259.4658352051882
266.591038699695
257.671379934078
262.358652469979
257.7497950563538
261.80714859713703
257.7366516580689
267.26024891148893
255.55786780439894
256.375655720939
255.52483107932056
254.83339570889981
256.25530303600254
255.0886579788233
256.98557068800335
254.68578985143634
258.5136203723414
257.2579345887317
254.77839346843402
257.9279358249027
258.0116746392769
254.57653318207502
255.95175993393804
252.56043316742605
257.18721466617814
261.0947257572054
254.42216004896218
250.36871480780212
249.38586882795403
250.73858214925022
250.35780638429824
250.12632232958913
250.26731847965905
251.0291706026343
250.45905967931313
250.33432004069684
249.54247511936168
250.32413463652549
250.25396257645994
250.30677561734302
249.94586171079698
250.8753299504293
250.70670227761585
249.78264835972138
251.24545483091413
251.07311695371655
249.7134412478874
251.1990370450662
250.36273952033864
249.15398245972264
255.30075789730626
249.39437032156465
255.81431543067345
250.70486355335916
249.23664300320195
251.1700890784089
248.52563970849891
246.36040802217346
244.7389978519253
244.0420269376484
244.77058012702696
245.20808645283242
245.9766733510426
243.2633909136988
241.4353654232827
240.8332849726318
241.53851271203496
240.763730797685
248.93894294171298
241.50221192642297
242.40915301234364
248.99182709621095
245.13648023091505
240.87978620097527
239.70240542345272
241.3763887018052
238.7576151587618
238.75488178414494
240.35260019744595
243.11450650496954
240.2694921922253
241.05481490748852
239.55499557437764
237.58716876194134
237.93886811653135
237.96096428185663
246.61496583169057
239.1497384996732
237.10115857165763
237.30892879085724
237.39245059388995
236.60212009325105
237.70648681263106
236.10120282342388
236.32633331130245
236.72858783973507
236.7164044346167
244.28225359515352
237.2330671201642
238.04324136816354
238.05873749041967
237.25120572308822
235.39425890864064
235.279783894679
235.2798941574667
236.17645312627297
236.5710519604911
236.7631890022408
237.26687781318705
239.29091692615367
240.1757275154748
239.48572590167808
239.2897706734339
236.0972887993186
234.7016119510426
235.1299866944891
234.72164710436368
265.75702588347093
236.42732480416618
238.47377220650125
240.0659828979605
235.93757961227985
234.4155645312053
233.73633310653358
234.16283787804647
235.86134860088242
234.8477625427412
234.50958857988957
236.9301354145933
235.61246710347058
236.98189560830198
258.5509453382573
239.55523956659565
234.16532664537147
234.50077949916297
233.47880218300304
233.8583485878798
234.2532669121122
233.65822735729688
234.92047886160682
233.9964460721991
234.32796124867542
233.46471556398893
234.00955058411208
234.6349902609631
233.6850864918535
234.97022899126412
234.44855578993597
258.8536934323255
236.36809148876648
237.9070812407821
236.46160111550557
234.84391417322655
234.7360459523527
243.76030719121314
239.91242766025317
236.57000098820978
233.88348960163455
237.68708397274665
237.133197614689
236.4195860110886
231.98533867787083
239.06335602953877
232.40985570333385
233.86061013379106
236.0331189706689
230.26216497004555
235.04186378773767
230.233936519809
230.7126636065639
248.24514251654523
230.9245198358168
232.72537211223323
231.2459777624197
229.50119369341468
229.17777798808828
228.990333957144
228.98980078681222
229.679643117422
231.111515686361
229.5631317715537
232.2047017846351
232.9779477854089
228.37497624704605
228.4329433996791
228.2917670008626
228.13752405349908
229.0938037169209
228.63645096682768
232.36598672045395
229.0703814029297
227.0336793602721
228.19349611624853
226.9049685217927
225.85031233144704
223.81432064196085
222.02285216148007
222.67776860926853
223.89108627978186
222.779194825664
222.81354210595742
225.0789310808541
222.48057953615924
232.8315064455796
222.95887274059854
221.23784983402723
221.01614721930335
220.71243209488546
220.29748142624518
246.22878016236749
222.86015703569228
227.12041031783863
223.34275993509377
223.25932136635035
219.53998884227858
218.64912841256051
220.25316298823876
225.09551877569908
217.3531626292864
218.91399381325775
219.1212115668311
218.35004715010632
217.53620530676523
219.75430750374332
217.46199402007292
217.31152970849274
218.2664570894541
216.10617943914514
219.49269738893094
217.71835505580123
219.99014288621774
220.1657143737679
220.4468263898847
219.35755702399845
224.62288833724168
222.20211063338073
219.88979609051677
218.85913979322558
216.98244190879672
216.8371661799095
220.96524573347048
219.51820393281105
220.25437947144187
216.9396299327504
215.00047728617497
216.44252456268913
217.4532106489913
221.98037412722294
218.7808962866844
220.31268731591632
217.08247628903686
224.79920171448416
218.19911842638007
217.49856544114925
219.27721361219287
218.54366710285714
215.50555536374634
219.01652778343305
213.45420179295772
217.08217523946013
211.27440936878492
213.8943586326325
227.85798032881726
211.4480872123238
210.62296089360055
211.68846650612534
209.81835619649837
210.94902096090235
210.04290642977875
209.8235619425783
210.3394608455873
210.18677321011558
211.45148307230576
211.77068422523843
210.40520049610737
209.2979715781695
208.39919600718017
232.31499348725256
208.42354246224238
209.17006615331434
214.2283099962541
209.56705183308736
211.64999874971153
214.40022550637394
212.09898108078335
209.2400993185493
216.73629471504486
211.29316128427894
209.38100638710182
215.33369440929619
211.50542678137097
212.50648317728795
211.80843887767065
216.49305685983472
211.12191221572027
207.5782841694605
208.79111718518035
209.52735652880943
207.02519305612995
205.46389351696095
205.23599742621207
204.61433732323405
221.7667883374203
205.71600249097858
204.71643348742538
206.31471787496514
205.9750709435698
204.06648511692214
203.9603768160562
204.82285310704378
208.11618307897254
227.80768096764567
205.88191163213887
204.568602487182
205.32302371269822
206.44304473451584
207.76117191962155
203.213632296448
202.14264451426055
202.4106121887419
204.44042907778385
202.05253208460397
209.91222554946432
205.47652163186387
202.88921993032503
203.2143826934835
206.68167907166728
200.27108929697056
211.61538591268626
204.11756667321606
199.67907362029817
207.91184950222976
201.3684068695437
204.31183342088772
198.45652464447636
198.85325620529238
199.7777543499913
197.00569974870672
196.9637607366117
196.64447175917084
196.76393881447189
196.03284891398798
196.36551252016653
196.4177632819688
195.9094803652
196.10764746297923
196.64807721352383
196.79099992333028
196.16036306918306
197.87803353904894
201.16986960188424
196.7087601262628
200.0169404734252
202.56099065011273
197.79154461085548
196.95752662713917
199.73455824654593
200.46686272783649
196.8380263445114
198.525933337403
195.1538759690355
195.24142348268418
194.39820703704112
210.71979993754027
194.5874394196596
196.15245584582073
194.82283462187547
193.82030030263658
193.04499664198113
193.7717376974519
192.18904190475502
192.87903495022883
193.21624769759563
194.74478228434822
194.1130293107606
196.